0.00 0.01 0.01 0.10 0.01 0.00 0.21 0.00 0.05 0.02 0.02 0.02 0.00 0.00 5.51 0.00 0.11 0.00 0.03 0.17 0.03 0.00 0.03 0.04 0.05 0.01 0.10 0.02 0.02 0.02 0.04 0.00 0.07 0.00 0.04 0.00 0.01 0.01 0.00 0.00 0.02 0.03 0.03 0.00 2.73 0.01 0.00 0.02 0.00 0.01 0.05 0.01 0.04 0.32 0.02 0.17 0.03 0.21 0.01 0.02 0.20 0.02 0.02 0.00 0.00 0.08 0.40 0.06 1.55 0.06 0.07 0.00 0.00 0.01 0.13 0.03 0.02 0.01 0.01 0.00 1.90 0.01 0.01 0.24 0.03 0.17 0.06 0.00 0.40 0.00 0.06 0.04 0.02 0.04 0.02 0.00 0.02 0.02 0.00 0.06 
0.01 0.00 0.02 0.01 0.02 0.00 0.00 0.01 0.02 0.00 0.02 0.00 6.50 0.00 0.00 0.12 0.00 1.60 0.00 0.00 0.00 0.00 0.00 0.00 0.00 0.00 0.03 0.01 0.00 0.01 0.05 0.01 0.02 0.00 0.00 0.01 0.00 0.05 0.01 0.00 0.00 0.00 0.02 0.00 0.09 0.00 0.00 0.00 0.00 0.00 0.00 0.00 0.00 0.00 0.01 0.00 0.00 0.02 0.00 0.00 6.58 0.02 0.05 0.00 0.01 0.00 0.00 0.00 0.00 0.02 0.02 0.00 0.00 0.01 0.01 0.00 0.01 0.00 0.00 0.00 0.00 0.00 0.01 0.02 0.01 0.00 0.02 0.07 0.01 0.00 0.00 0.05 0.00 0.15 0.00 0.00 0.00 0.12 0.00 31.70 
0.01 0.02 0.00 0.00 0.00 0.00 0.00 0.00 0.00 0.02 0.01 0.01 0.02 0.00 0.44 0.04 0.01 0.00 0.00 0.00 0.00 0.02 0.00 0.00 0.02 0.00 0.00 0.00 1.92 0.01 0.06 0.00 0.03 0.01 0.00 0.00 0.06 1.18 0.00 0.00 0.00 0.00 0.21 0.01 0.00 0.00 0.00 0.00 0.01 0.00 0.00 0.00 0.00 4.84 0.01 0.01 0.04 0.04 0.00 0.00 0.00 0.00 0.00 0.01 0.02 0.00 0.00 0.00 0.03 0.32 0.01 0.00 0.00 0.00 0.00 0.02 0.00 0.02 0.02 0.00 0.00 0.00 0.01 0.01 0.00 0.00 0.00 0.00 0.02 0.00 0.01 0.01 0.00 0.00 0.00 0.00 6.67 0.01 0.00 0.04 
0.10 0.01 0.00 0.00 0.00 4.95 0.00 0.00 0.01 0.00 0.00 0.00 0.00 0.00 0.00 0.00 3.94 0.00 0.00 0.00 0.00 0.01 0.00 0.03 0.00 0.00 0.00 0.00 0.00 0.00 0.00 0.02 0.00 0.00 0.00 0.00 0.00 0.00 0.00 0.00 1.99 0.05 0.00 0.01 0.00 0.01 0.00 0.00 0.00 0.00 0.00 0.00 0.26 0.00 0.00 0.00 0.01 0.00 0.01 0.00 0.00 0.02 0.00 0.00 0.01 0.00 0.05 0.00 0.01 0.00 0.01 0.02 0.00 0.00 0.00 0.00 0.00 0.00 0.19 0.00 0.01 0.00 0.00 0.00 0.00 0.01 0.00 0.28 4.10 0.00 0.00 0.00 0.00 0.00 0.00 0.00 0.00 0.00 0.00 0.86 
0.01 0.02 0.00 0.00 0.00 1.37 0.02 0.00 0.00 0.00 0.00 0.00 0.00 0.01 0.01 0.00 0.06 0.00 0.01 0.02 0.01 0.00 0.00 0.01 0.00 0.00 0.00 0.00 0.00 0.00 0.03 0.01 0.02 0.00 0.00 0.00 0.00 0.00 0.01 0.00 0.12 0.02 0.00 0.02 6.57 0.01 0.00 0.01 0.00 0.04 0.18 0.00 0.01 0.02 0.00 0.03 0.00 0.01 0.00 0.00 0.00 0.00 0.02 0.00 0.00 0.57 0.01 0.01 0.00 0.00 2.69 0.00 0.00 0.00 0.00 0.00 0.04 3.80 0.00 0.01 0.00 0.00 0.00 0.01 0.04 0.02 0.01 0.00 0.15 0.00 0.03 0.13 0.01 0.00 0.00 0.00 0.00 0.01 0.01 0.12 
0.00 0.00 0.00 4.95 1.37 0.00 0.37 0.29 0.01 0.00 0.00 0.02 0.00 0.01 0.00 0.04 0.00 0.02 0.01 0.06 0.01 0.00 0.00 0.05 0.02 0.00 0.01 0.01 0.01 0.05 0.34 0.00 0.01 0.03 0.00 0.00 0.00 0.99 0.00 0.00 0.01 4.04 0.01 1.72 0.00 0.00 0.00 0.00 0.00 0.02 0.01 0.03 0.03 0.03 0.00 0.11 0.02 0.01 0.00 0.00 0.00 0.03 0.06 0.00 0.01 0.00 0.01 0.02 0.01 0.01 0.02 0.01 0.00 0.64 0.02 0.00 0.02 0.00 0.01 0.01 0.00 0.07 0.01 0.04 0.41 0.01 0.00 0.01 0.01 0.00 0.02 0.01 0.00 0.00 0.00 0.02 0.00 0.02 0.00 0.00 
0.21 0.00 0.00 0.00 0.02 0.37 0.00 0.00 0.05 0.01 0.13 0.03 0.01 0.00 0.00 0.03 0.09 1.84 0.02 0.01 0.04 1.72 0.02 0.34 0.03 0.00 0.06 0.00 0.00 0.04 0.02 0.03 0.02 0.00 0.04 0.02 0.00 0.00 0.03 0.01 0.25 0.02 0.15 0.61 0.02 0.00 0.00 0.06 0.01 0.03 0.01 0.13 0.13 0.02 0.02 0.03 0.06 0.08 0.00 1.98 0.11 0.01 0.02 0.01 0.01 0.02 0.06 0.03 0.01 0.01 0.01 0.02 0.02 0.22 0.07 0.03 0.15 0.02 0.07 0.01 0.02 0.01 0.04 0.00 0.02 3.22 0.16 0.01 0.00 0.00 0.03 0.01 0.00 0.00 0.16 0.00 2.74 0.02 0.01 0.04 
0.00 0.01 0.00 0.00 0.00 0.29 0.00 0.00 0.01 0.00 0.01 3.02 0.00 0.00 0.00 0.01 0.00 0.00 0.00 0.00 0.00 0.01 0.00 0.01 0.00 0.00 0.00 0.00 0.00 0.00 0.00 0.01 0.02 0.00 0.00 0.00 0.01 0.01 0.00 0.00 0.00 0.02 0.00 0.00 0.00 0.00 0.00 0.56 0.00 0.09 0.00 0.01 3.90 0.00 0.00 0.00 0.00 0.00 0.00 0.00 0.00 4.24 0.00 0.00 0.00 0.00 0.09 0.00 3.31 0.00 0.00 0.00 0.01 0.00 0.00 0.00 0.00 0.01 0.00 0.02 0.00 0.00 0.04 0.00 0.00 0.01 0.00 0.00 0.20 0.01 0.17 0.00 0.00 0.00 0.00 0.03 0.03 0.00 0.00 0.00 
0.05 0.02 0.00 0.01 0.00 0.01 0.05 0.01 0.00 0.01 0.03 0.00 5.42 0.01 0.00 0.02 0.00 0.01 0.00 0.00 0.00 0.15 0.05 0.00 0.04 0.00 0.00 0.00 0.00 0.00 4.31 0.01 0.04 0.00 0.02 0.00 0.00 1.00 0.00 0.36 0.00 0.00 2.70 0.00 0.00 0.01 0.00 0.01 0.00 0.22 0.00 0.00 0.02 0.00 0.00 0.01 0.00 0.00 0.00 0.00 0.03 0.00 0.21 0.00 0.01 0.00 0.00 0.00 0.00 0.00 0.00 0.01 0.00 0.00 0.00 0.01 0.05 0.00 0.00 0.00 0.03 0.00 0.06 0.01 0.04 0.01 0.00 0.01 0.00 0.00 0.01 0.00 0.02 0.00 0.00 1.06 0.01 0.01 0.00 0.02 
0.02 0.00 0.02 0.00 0.00 0.00 0.01 0.00 0.01 0.00 0.08 0.00 0.01 0.02 0.02 0.02 0.23 0.00 0.00 0.00 0.00 0.02 0.02 0.00 0.22 0.00 0.01 0.00 0.00 0.01 0.01 0.00 0.01 0.01 0.00 0.01 0.00 0.03 0.03 0.00 0.00 0.00 0.05 0.01 0.00 0.00 0.01 0.00 0.00 0.00 0.00 0.00 0.01 0.03 0.40 0.00 0.06 0.01 0.00 0.01 0.02 0.02 0.02 6.20 0.00 0.05 0.00 0.01 0.00 0.04 0.02 0.06 0.01 6.92 0.01 0.00 0.00 0.00 0.01 0.01 0.01 0.00 0.02 0.02 0.01 0.68 0.00 0.04 0.01 0.00 0.00 0.05 0.00 0.00 0.01 0.01 0.00 0.00 0.00 0.87 
0.02 0.02 0.01 0.00 0.00 0.00 0.13 0.01 0.03 0.08 0.00 0.02 0.00 1.22 0.00 0.00 0.00 0.07 0.05 0.00 0.01 0.07 0.01 0.16 0.00 0.00 0.07 0.00 0.00 0.01 0.00 0.03 0.01 0.00 0.00 0.01 0.01 0.00 0.00 0.01 0.01 3.88 0.00 0.01 0.00 0.04 0.01 0.01 0.00 0.05 0.00 0.00 0.02 0.04 0.00 0.00 0.02 0.00 3.34 0.00 0.00 0.00 0.00 0.00 0.00 0.05 0.00 0.04 0.00 0.00 0.06 0.01 0.00 0.00 0.02 0.01 0.03 0.30 5.67 0.00 0.00 0.00 0.01 0.02 0.00 0.01 0.00 0.00 0.09 0.00 0.37 0.01 0.00 0.00 0.00 0.00 0.00 0.04 0.00 0.02 
0.02 0.00 0.01 0.00 0.00 0.02 0.03 3.02 0.00 0.00 0.02 0.00 0.01 0.00 0.00 0.23 0.00 0.02 0.00 0.02 0.00 0.05 0.00 0.02 0.00 0.00 0.00 0.00 0.00 0.01 0.00 0.17 0.01 0.00 0.03 0.00 0.01 0.03 0.00 0.00 0.01 0.00 0.00 0.01 0.00 0.10 0.00 0.00 0.00 0.00 0.30 0.00 0.00 0.03 0.00 0.00 0.00 0.00 0.01 0.01 0.00 0.03 0.07 0.00 0.09 0.01 0.01 0.03 0.00 0.00 0.01 0.01 0.01 0.01 0.00 0.00 0.00 0.00 0.23 0.00 4.08 0.00 0.31 0.09 0.00 0.06 0.04 0.01 0.03 0.00 0.01 0.02 0.02 0.01 6.57 0.00 0.02 0.00 0.00 13.02 
0.00 6.50 0.02 0.00 0.00 0.00 0.01 0.00 5.42 0.01 0.00 0.01 0.00 0.00 0.01 0.00 0.02 0.00 0.00 0.00 0.05 0.00 0.00 0.00 0.08 0.00 0.00 0.00 0.00 0.00 0.00 0.36 0.07 0.00 0.00 0.65 0.00 0.00 0.02 0.00 0.00 0.00 0.00 0.02 0.00 0.00 0.00 0.00 0.00 0.04 0.00 0.01 0.01 0.01 0.00 0.05 0.01 0.00 0.01 0.01 0.00 0.06 0.01 0.29 0.00 0.01 0.37 0.63 0.00 0.00 0.00 0.09 0.01 0.00 0.00 0.01 0.01 0.02 0.04 0.01 0.00 0.00 0.01 0.02 0.00 0.33 0.00 0.00 0.00 0.00 0.49 0.03 0.00 0.01 0.01 0.01 0.00 0.20 0.00 12.52 
0.00 0.00 0.00 0.00 0.01 0.01 0.00 0.00 0.01 0.02 1.22 0.00 0.00 0.00 0.01 0.08 0.02 0.00 0.00 0.00 0.00 0.00 0.03 0.00 0.00 0.00 0.04 0.00 0.00 0.00 0.03 0.00 0.00 0.86 0.01 0.02 0.01 0.00 0.00 0.00 0.00 0.03 0.01 0.36 0.01 0.00 3.77 0.02 0.01 0.03 0.00 0.00 0.00 0.00 0.00 0.00 0.00 0.01 0.02 0.00 0.00 0.01 0.03 0.00 0.01 0.02 0.00 0.00 0.00 0.00 0.00 0.08 2.30 5.88 0.00 0.00 0.03 0.00 0.00 0.00 0.00 0.00 0.00 0.00 0.00 0.01 0.00 1.06 0.02 0.03 0.00 0.01 0.00 0.01 0.01 0.00 0.00 0.00 0.00 0.06 
5.51 0.00 0.44 0.00 0.01 0.00 0.00 0.00 0.00 0.02 0.00 0.00 0.01 0.01 0.00 0.06 0.03 0.05 0.02 0.04 0.01 0.00 0.02 0.00 0.01 0.00 0.01 0.00 0.01 0.00 0.02 0.09 0.00 0.00 0.00 0.00 0.02 0.01 0.00 0.00 0.01 0.00 0.01 0.00 0.00 0.01 0.00 0.02 0.02 0.01 7.30 0.00 0.02 0.00 0.02 0.00 0.06 0.01 0.02 0.00 0.00 0.07 0.01 0.00 0.00 0.01 0.00 0.03 0.01 0.00 0.02 0.02 0.00 0.00 0.01 0.00 0.00 0.76 0.03 0.01 0.00 0.02 0.16 0.01 0.00 0.01 0.01 0.70 0.00 0.06 0.00 0.07 0.00 0.05 0.01 0.00 0.00 0.00 0.02 5.87 
0.00 0.12 0.04 0.00 0.00 0.04 0.03 0.01 0.02 0.02 0.00 0.23 0.00 0.08 0.06 0.00 0.05 0.01 0.09 0.10 0.01 0.03 0.05 0.05 0.02 1.74 0.24 0.02 0.02 0.02 0.04 0.05 0.05 0.01 0.20 0.01 0.00 0.11 0.05 0.03 0.01 0.12 0.04 0.05 0.10 0.01 0.00 0.10 0.00 0.04 0.08 0.30 0.00 0.24 1.43 0.22 0.08 0.06 0.01 0.01 0.01 0.07 0.11 0.00 0.01 0.00 0.02 0.14 0.00 0.01 0.02 0.18 0.01 0.55 0.02 0.01 1.54 2.44 0.03 0.00 0.03 0.16 0.78 0.00 0.03 2.70 0.03 0.46 0.02 0.00 0.01 0.05 0.02 0.17 0.00 0.00 0.03 0.01 0.07 0.03 
0.11 0.00 0.01 3.94 0.06 0.00 0.09 0.00 0.00 0.23 0.00 0.00 0.02 0.02 0.03 0.05 0.00 0.03 0.00 0.02 0.03 0.00 0.01 0.00 0.01 0.00 0.01 6.05 0.01 0.04 0.00 0.04 1.12 0.02 0.04 0.00 0.30 0.00 0.03 0.00 0.01 0.03 0.00 0.03 1.88 0.04 0.00 0.00 0.01 0.66 0.00 0.01 0.01 0.00 0.02 0.02 0.03 0.02 0.00 0.00 0.07 0.03 0.01 0.01 0.02 0.02 0.05 0.02 0.00 0.01 0.02 0.03 0.03 0.00 0.00 0.00 0.05 0.01 0.00 0.01 0.00 0.00 0.01 0.01 0.00 0.13 0.01 0.02 0.00 0.00 0.01 0.13 0.04 0.12 0.00 0.00 0.00 0.07 0.00 36.52 
0.00 1.60 0.00 0.00 0.00 0.02 1.84 0.00 0.01 0.00 0.07 0.02 0.00 0.00 0.05 0.01 0.03 0.00 0.01 0.07 0.00 0.06 0.02 0.01 3.10 0.00 0.00 0.03 0.01 0.03 0.00 0.00 0.04 0.01 0.03 0.00 0.00 0.01 0.00 0.00 0.01 2.23 0.00 0.00 0.00 0.00 0.00 0.08 0.00 0.02 0.03 0.04 0.00 0.02 0.01 0.11 0.01 0.04 0.00 0.00 0.00 0.04 0.04 0.03 0.00 0.03 0.00 0.02 1.48 0.00 0.00 0.00 0.00 0.00 0.02 0.02 0.00 0.00 0.23 0.01 0.00 0.00 0.67 0.01 0.04 0.01 0.02 0.00 0.00 0.00 0.00 0.25 0.00 0.00 0.00 0.00 0.00 3.53 0.00 4.99 
0.03 0.00 0.00 0.00 0.01 0.01 0.02 0.00 0.00 0.00 0.05 0.00 0.00 0.00 0.02 0.09 0.00 0.01 0.00 0.03 0.02 0.02 0.01 0.00 0.65 0.00 0.04 0.01 0.00 0.02 0.08 0.01 0.02 0.00 0.00 0.00 0.00 0.00 0.00 0.00 0.00 0.03 0.03 0.23 0.00 0.00 0.01 0.01 0.00 0.01 0.00 0.25 0.02 0.00 5.62 0.01 0.00 0.03 0.01 0.00 0.00 0.02 0.00 0.00 0.00 0.00 0.00 0.03 0.00 0.01 0.01 0.03 0.02 0.01 0.00 0.00 0.00 0.00 0.07 0.00 0.00 0.02 0.00 0.00 1.48 0.01 0.00 0.02 0.02 0.01 0.01 0.06 0.02 0.06 0.03 6.39 0.01 0.47 0.00 0.06 
0.17 0.00 0.00 0.00 0.02 0.06 0.01 0.00 0.00 0.00 0.00 0.02 0.00 0.00 0.04 0.10 0.02 0.07 0.03 0.00 4.74 0.00 0.01 0.00 0.02 0.01 0.01 0.00 0.68 0.03 0.01 0.02 0.00 0.01 0.00 0.00 0.00 0.00 1.60 0.02 0.00 0.01 0.02 0.18 0.00 0.00 0.00 4.20 0.02 0.03 0.00 0.00 0.03 0.02 0.00 0.02 0.03 0.01 0.11 0.06 0.04 0.00 0.00 0.01 0.00 0.02 0.04 0.01 0.06 0.00 0.02 1.30 0.00 0.00 0.24 0.02 0.35 0.08 0.01 0.02 0.02 0.02 0.00 0.02 0.20 0.04 0.62 0.00 0.00 0.43 0.03 0.06 0.03 0.01 0.00 0.00 0.00 0.01 0.00 0.01 
0.03 0.00 0.00 0.00 0.01 0.01 0.04 0.00 0.00 0.00 0.01 0.00 0.05 0.00 0.01 0.01 0.03 0.00 0.02 4.74 0.00 4.11 0.00 0.00 0.10 0.00 0.04 0.00 0.12 0.01 0.00 0.04 0.01 0.00 0.11 0.00 0.02 0.01 0.13 0.00 0.02 0.00 0.04 0.03 0.00 0.00 0.00 0.95 0.00 0.01 0.00 0.01 2.17 0.01 0.01 0.00 0.01 0.00 0.00 0.00 0.00 1.97 0.02 0.04 0.03 0.07 0.00 0.01 0.00 0.00 0.04 0.00 0.00 0.00 0.00 0.00 0.00 0.01 0.00 0.02 0.00 0.00 0.00 0.00 0.04 0.00 0.06 0.00 0.68 0.01 0.00 0.02 0.00 0.27 0.00 0.00 0.01 0.02 0.00 0.01 
0.00 0.00 0.02 0.01 0.00 0.00 1.72 0.01 0.15 0.02 0.07 0.05 0.00 0.00 0.00 0.03 0.00 0.06 0.02 0.00 4.11 0.00 0.00 0.00 0.00 0.00 2.47 0.04 0.00 0.57 0.03 0.00 0.01 0.00 0.00 0.00 0.00 0.00 0.00 0.00 0.01 0.00 0.00 0.02 0.00 5.80 0.00 0.00 0.00 0.00 0.02 0.00 0.03 0.05 0.00 0.05 0.02 0.00 0.00 0.00 0.00 0.22 0.01 0.00 0.01 0.00 0.04 0.08 0.00 0.01 0.01 0.01 0.00 0.00 0.00 0.03 0.01 0.00 0.14 0.01 0.00 0.00 0.01 0.02 0.01 0.00 0.03 0.02 0.00 0.00 0.02 0.03 0.00 0.01 0.06 0.00 0.00 0.02 0.00 0.06 
0.03 0.00 0.00 0.00 0.00 0.00 0.02 0.00 0.05 0.02 0.01 0.00 0.00 0.03 0.02 0.05 0.01 0.02 0.01 0.01 0.00 0.00 0.00 0.04 0.00 0.10 0.01 0.05 0.03 0.00 0.01 0.00 0.02 0.00 0.05 0.00 0.02 0.38 0.06 0.00 0.07 0.00 0.00 0.01 0.00 0.01 0.40 0.01 0.91 0.03 0.02 0.00 0.00 0.00 0.02 0.03 0.03 0.09 0.01 0.00 0.22 0.02 0.03 0.00 0.01 0.05 0.00 0.00 0.00 0.00 0.03 0.00 0.00 0.00 5.59 0.01 0.00 0.01 0.00 0.00 0.00 0.00 0.00 0.00 0.03 0.16 0.01 0.00 7.20 0.01 0.00 0.00 0.00 0.02 0.00 0.04 0.00 0.00 0.00 47.21 
0.04 0.00 0.00 0.03 0.01 0.05 0.34 0.01 0.00 0.00 0.16 0.02 0.00 0.00 0.00 0.05 0.00 0.01 0.00 0.00 0.00 0.00 0.04 0.00 0.00 5.46 0.03 0.00 0.00 0.01 0.00 0.10 0.03 0.00 0.00 0.00 0.04 0.00 3.76 0.00 0.01 0.00 0.00 0.04 0.00 0.06 0.01 0.00 0.00 0.01 0.02 0.01 0.01 0.02 0.19 0.01 0.21 0.01 0.00 0.01 0.07 0.01 0.03 0.00 0.20 0.02 0.01 0.01 0.21 0.03 0.02 0.00 0.01 0.00 0.00 0.97 0.18 0.00 0.61 0.00 0.00 0.00 0.00 2.35 0.03 0.06 0.02 0.06 0.12 0.00 0.02 0.01 0.09 0.16 0.01 0.00 0.00 0.10 0.00 0.03 
0.05 0.00 0.02 0.00 0.00 0.02 0.03 0.00 0.04 0.22 0.00 0.00 0.08 0.00 0.01 0.02 0.01 3.10 0.65 0.02 0.10 0.00 0.00 0.00 0.00 0.00 0.02 0.00 0.00 0.01 0.14 0.06 0.01 0.00 0.01 0.00 0.00 0.08 0.01 0.01 0.00 0.03 0.00 0.00 0.02 0.10 0.00 0.02 0.04 0.02 0.01 0.02 0.01 0.17 0.00 0.00 0.03 0.05 0.00 0.00 0.01 0.00 0.00 0.00 0.00 0.04 0.10 0.06 0.10 0.00 0.01 0.04 0.00 0.01 4.47 0.06 0.01 0.01 0.09 0.00 0.00 0.00 0.00 0.02 0.00 0.14 0.02 5.05 0.00 0.02 0.01 0.02 0.03 0.03 0.21 0.00 0.27 0.21 0.00 0.02 
0.01 0.00 0.00 0.00 0.00 0.00 0.00 0.00 0.00 0.00 0.00 0.00 0.00 0.00 0.00 1.74 0.00 0.00 0.00 0.01 0.00 0.00 0.10 5.46 0.00 0.00 0.01 0.08 0.00 0.02 0.00 0.07 0.01 0.00 6.72 0.00 0.02 0.00 0.03 0.01 0.00 0.08 1.32 0.00 0.00 0.15 0.00 0.03 0.00 0.00 0.02 0.00 0.02 0.00 0.00 0.03 0.00 0.00 0.01 0.01 0.07 0.00 0.00 0.00 0.00 0.00 0.00 0.00 0.02 0.00 0.00 0.01 0.00 0.04 0.00 0.00 0.02 0.01 0.00 0.00 0.00 0.00 0.00 0.01 0.00 0.02 0.01 0.00 0.00 0.00 0.00 0.02 0.03 0.00 0.00 0.00 0.01 0.00 0.00 3.59 
0.10 0.03 0.00 0.00 0.00 0.01 0.06 0.00 0.00 0.01 0.07 0.00 0.00 0.04 0.01 0.24 0.01 0.00 0.04 0.01 0.04 2.47 0.01 0.03 0.02 0.01 0.00 0.02 0.20 0.00 0.03 0.10 0.39 0.03 0.02 0.14 0.00 0.01 0.00 0.03 0.00 0.02 0.01 0.04 0.00 0.00 0.02 0.01 0.01 0.00 0.06 0.80 0.01 0.02 0.00 0.04 4.35 0.07 0.01 0.04 0.01 0.00 0.10 0.04 0.02 0.11 3.04 0.04 0.00 0.00 0.03 0.06 0.00 0.01 0.00 1.66 0.05 0.01 0.01 0.02 0.01 0.01 0.65 0.02 0.01 0.03 0.05 0.03 0.20 0.00 0.04 0.04 0.00 0.03 0.01 0.00 0.00 0.03 0.00 2.49 
0.02 0.01 0.00 0.00 0.00 0.01 0.00 0.00 0.00 0.00 0.00 0.00 0.00 0.00 0.00 0.02 6.05 0.03 0.01 0.00 0.00 0.04 0.05 0.00 0.00 0.08 0.02 0.00 0.00 0.00 0.01 0.00 0.03 0.00 0.00 0.00 0.00 0.00 0.00 0.03 0.00 0.00 0.00 0.00 0.00 0.00 0.00 0.00 0.00 1.21 0.00 0.00 0.00 0.37 0.02 0.00 0.00 0.00 0.04 0.01 0.00 0.06 0.00 0.00 0.00 0.00 6.90 0.01 0.00 0.00 0.00 0.46 0.00 0.00 0.15 0.00 0.02 0.00 0.01 0.00 0.02 0.00 0.00 0.00 0.00 0.00 0.02 0.00 0.00 0.00 0.00 0.02 0.01 0.11 0.00 0.00 0.15 0.00 0.01 4.28 
0.02 0.00 1.92 0.00 0.00 0.01 0.00 0.00 0.00 0.00 0.00 0.00 0.00 0.00 0.01 0.02 0.01 0.01 0.00 0.68 0.12 0.00 0.03 0.00 0.00 0.00 0.20 0.00 0.00 0.01 0.04 0.04 0.00 0.05 0.01 0.00 0.00 0.01 0.00 0.00 0.01 0.00 0.00 0.00 0.00 0.01 0.38 0.01 0.00 0.14 0.02 0.01 0.00 0.01 0.00 0.00 0.02 3.52 0.09 0.01 0.00 0.00 0.90 0.00 0.00 5.73 1.04 0.00 0.00 0.00 0.01 0.00 0.00 0.00 0.01 0.00 0.00 0.00 0.00 0.01 0.00 0.00 0.00 0.00 0.08 0.00 0.09 0.00 0.02 0.00 0.00 0.12 0.48 0.01 0.04 0.00 0.23 0.05 0.00 0.00 
0.02 0.01 0.01 0.00 0.00 0.05 0.04 0.00 0.00 0.01 0.01 0.01 0.00 0.00 0.00 0.02 0.04 0.03 0.02 0.03 0.01 0.57 0.00 0.01 0.01 0.02 0.00 0.00 0.01 0.00 4.31 0.00 0.00 0.00 0.00 0.01 0.00 0.02 0.00 0.00 0.00 0.03 0.03 0.46 0.00 0.03 0.00 0.01 0.01 2.28 0.04 0.00 0.01 0.00 0.01 0.00 0.02 0.02 0.00 0.00 0.00 0.01 0.06 0.01 0.10 0.00 0.00 0.03 0.04 6.10 0.02 0.00 0.00 0.03 0.00 0.01 0.01 0.00 0.02 0.01 0.03 0.00 0.02 0.02 0.09 0.01 0.00 0.27 0.01 0.00 0.00 0.01 0.00 0.00 0.00 0.12 1.05 0.01 0.00 0.00 
0.04 0.05 0.06 0.00 0.03 0.34 0.02 0.00 4.31 0.01 0.00 0.00 0.00 0.03 0.02 0.04 0.00 0.00 0.08 0.01 0.00 0.03 0.01 0.00 0.14 0.00 0.03 0.01 0.04 4.31 0.00 0.00 0.08 0.00 0.08 0.02 0.01 0.02 0.14 0.02 0.05 0.00 0.03 0.00 0.00 0.34 0.00 0.00 0.01 0.01 0.30 0.00 0.02 0.02 0.00 0.12 0.01 0.03 0.13 0.00 0.51 0.01 0.01 0.00 0.03 1.86 0.02 0.03 0.03 0.03 0.00 0.03 0.00 0.00 1.19 0.02 0.11 0.01 0.00 0.01 0.00 0.03 0.00 0.03 0.02 0.04 0.06 0.65 0.00 0.26 0.07 0.01 0.01 0.03 0.02 0.00 0.00 0.00 0.00 50.02 
0.00 0.01 0.00 0.02 0.01 0.00 0.03 0.01 0.01 0.00 0.03 0.17 0.36 0.00 0.09 0.05 0.04 0.00 0.01 0.02 0.04 0.00 0.00 0.10 0.06 0.07 0.10 0.00 0.04 0.00 0.00 0.00 0.01 0.00 0.00 0.00 0.01 0.01 0.03 0.22 0.06 0.08 0.00 1.22 0.00 0.00 0.00 0.25 0.00 3.21 0.00 0.02 0.03 0.00 0.02 0.03 0.01 6.76 0.00 0.00 0.00 0.10 0.10 0.00 0.43 0.00 0.12 0.00 0.00 0.07 0.19 0.01 0.00 0.00 0.00 0.01 0.18 0.00 0.08 0.07 0.00 0.00 0.00 0.00 0.03 0.02 0.01 0.00 0.01 0.19 0.02 0.04 0.03 0.65 0.03 0.00 0.08 0.01 0.47 22.83 
0.07 0.02 0.03 0.00 0.02 0.01 0.02 0.02 0.04 0.01 0.01 0.01 0.07 0.00 0.00 0.05 1.12 0.04 0.02 0.00 0.01 0.01 0.02 0.03 0.01 0.01 0.39 0.03 0.00 0.00 0.08 0.01 0.00 0.11 0.04 0.01 0.06 0.04 0.05 0.00 0.02 0.04 0.02 0.03 0.04 0.09 2.94 0.03 0.02 0.01 0.02 0.00 0.17 0.02 0.01 0.05 0.19 0.02 0.02 0.04 0.04 0.00 0.03 0.00 0.02 0.03 0.00 0.03 0.01 0.02 0.04 0.09 4.77 0.01 0.39 0.04 0.18 0.53 0.08 0.02 0.00 0.00 0.00 0.01 2.04 0.33 0.04 0.00 0.02 1.06 0.10 0.10 0.01 0.00 0.01 0.00 0.01 0.04 0.00 0.00 
0.00 0.00 0.01 0.00 0.00 0.03 0.00 0.00 0.00 0.01 0.00 0.00 0.00 0.86 0.00 0.01 0.02 0.01 0.00 0.01 0.00 0.00 0.00 0.00 0.00 0.00 0.03 0.00 0.05 0.00 0.00 0.00 0.11 0.00 0.00 0.01 0.00 0.00 0.00 0.00 0.00 0.00 0.18 0.00 0.00 0.00 0.00 0.00 0.01 0.00 0.41 1.37 0.00 0.00 0.00 0.02 0.00 0.04 0.00 0.00 0.01 0.02 0.00 0.01 0.00 0.01 0.01 0.00 0.00 0.01 0.00 3.68 0.00 0.00 0.00 0.01 0.01 0.00 0.00 1.04 0.00 0.01 0.00 0.01 0.00 0.05 5.35 0.01 0.22 0.05 0.25 0.01 0.00 0.00 0.00 0.01 2.28 0.00 0.00 0.02 
0.04 0.00 0.00 0.00 0.00 0.00 0.04 0.00 0.02 0.00 0.00 0.03 0.00 0.01 0.00 0.20 0.04 0.03 0.00 0.00 0.11 0.00 0.05 0.00 0.01 6.72 0.02 0.00 0.01 0.00 0.08 0.00 0.04 0.00 0.00 6.28 0.00 0.04 0.00 0.00 0.39 0.00 0.02 0.00 0.01 0.03 0.00 0.00 0.00 0.00 0.00 0.01 0.01 0.17 0.00 0.01 0.00 0.00 0.03 0.00 0.00 0.00 1.02 0.00 0.00 0.00 0.00 0.02 0.05 0.01 0.10 0.03 0.00 0.00 0.07 0.00 0.04 0.02 0.01 0.05 0.00 0.00 0.00 0.00 0.00 0.00 0.00 0.00 0.00 0.00 0.01 0.03 0.00 0.00 0.00 0.06 0.00 0.00 0.00 20.98 
0.00 0.01 0.00 0.00 0.00 0.00 0.02 0.00 0.00 0.01 0.01 0.00 0.65 0.02 0.00 0.01 0.00 0.00 0.00 0.00 0.00 0.00 0.00 0.00 0.00 0.00 0.14 0.00 0.00 0.01 0.02 0.00 0.01 0.01 6.28 0.00 0.01 0.00 0.04 0.16 0.00 0.00 0.01 0.03 0.01 0.01 0.00 0.00 0.05 0.00 0.37 0.03 0.03 0.01 0.02 0.10 0.06 0.04 0.01 0.00 0.04 0.00 0.00 0.00 0.00 0.27 0.03 0.00 0.01 0.15 0.01 0.01 0.00 0.00 0.01 0.03 0.02 0.01 0.00 0.06 0.11 0.00 0.00 0.00 0.00 0.02 0.00 0.10 0.00 0.00 0.56 0.03 0.00 0.02 0.00 0.00 0.00 0.02 6.48 0.06 
0.01 0.00 0.06 0.00 0.00 0.00 0.00 0.01 0.00 0.00 0.01 0.01 0.00 0.01 0.02 0.00 0.30 0.00 0.00 0.00 0.02 0.00 0.02 0.04 0.00 0.02 0.00 0.00 0.00 0.00 0.01 0.01 0.06 0.00 0.00 0.01 0.00 0.00 0.00 0.00 0.00 0.00 4.67 0.00 0.00 0.06 0.00 1.54 0.01 0.00 0.00 0.00 0.02 0.00 0.00 0.01 0.01 0.01 0.00 0.00 0.00 0.00 6.49 0.00 0.07 0.02 0.44 0.02 0.02 0.00 0.00 0.03 0.00 0.00 0.03 0.00 0.63 0.01 0.13 0.00 0.00 0.05 0.02 0.00 0.40 0.81 0.00 0.00 0.02 0.00 0.00 0.01 0.01 0.00 0.00 0.00 0.05 0.00 0.00 0.04 
0.01 0.05 1.18 0.00 0.00 0.99 0.00 0.01 1.00 0.03 0.00 0.03 0.00 0.00 0.01 0.11 0.00 0.01 0.00 0.00 0.01 0.00 0.38 0.00 0.08 0.00 0.01 0.00 0.01 0.02 0.02 0.01 0.04 0.00 0.04 0.00 0.00 0.00 0.04 0.01 0.00 0.02 0.02 0.01 0.00 6.87 0.00 0.02 0.01 0.01 0.00 2.12 0.00 0.00 0.00 0.01 0.02 0.04 0.10 0.00 0.02 0.01 0.05 0.00 0.00 0.02 0.10 0.02 0.02 0.01 0.63 0.00 0.00 0.62 0.02 0.00 0.00 0.08 0.03 0.00 0.00 0.01 0.00 0.14 0.01 0.00 0.01 0.03 0.00 0.00 0.02 0.29 0.00 0.09 0.00 0.00 0.00 0.01 0.59 0.02 
0.00 0.01 0.00 0.00 0.01 0.00 0.03 0.00 0.00 0.03 0.00 0.00 0.02 0.00 0.00 0.05 0.03 0.00 0.00 1.60 0.13 0.00 0.06 3.76 0.01 0.03 0.00 0.00 0.00 0.00 0.14 0.03 0.05 0.00 0.00 0.04 0.00 0.04 0.00 0.00 0.02 0.00 0.00 0.00 0.01 0.00 0.00 0.00 0.00 0.00 0.00 0.00 0.01 0.00 0.00 0.00 0.01 0.00 0.00 0.00 0.02 0.03 0.01 0.01 2.57 0.00 0.00 0.00 0.00 0.00 0.00 0.01 0.02 0.02 0.01 0.00 0.01 0.01 0.00 5.75 0.01 0.00 0.00 0.00 0.00 0.00 0.00 0.00 0.00 0.00 0.00 0.03 0.01 0.10 0.02 0.01 0.00 0.00 0.00 78.84 
0.00 0.00 0.00 0.00 0.00 0.00 0.01 0.00 0.36 0.00 0.01 0.00 0.00 0.00 0.00 0.03 0.00 0.00 0.00 0.02 0.00 0.00 0.00 0.00 0.01 0.01 0.03 0.03 0.00 0.00 0.02 0.22 0.00 0.00 0.00 0.16 0.00 0.01 0.00 0.00 0.03 0.02 0.01 0.00 0.00 0.36 0.00 0.02 0.03 0.02 0.02 0.00 0.00 0.03 0.01 0.34 0.11 0.00 0.01 0.02 0.02 0.00 0.01 0.00 0.00 0.00 0.06 0.01 0.00 0.02 4.85 0.00 0.00 0.01 0.00 4.44 4.74 0.00 0.00 0.00 0.00 0.00 0.03 0.00 0.00 0.03 0.01 0.02 0.00 0.00 0.00 0.01 0.00 0.00 0.00 0.04 0.03 0.02 0.00 0.02 
0.02 0.00 0.00 1.99 0.12 0.01 0.25 0.00 0.00 0.00 0.01 0.01 0.00 0.00 0.01 0.01 0.01 0.01 0.00 0.00 0.02 0.01 0.07 0.01 0.00 0.00 0.00 0.00 0.01 0.00 0.05 0.06 0.02 0.00 0.39 0.00 0.00 0.00 0.02 0.03 0.00 0.01 0.02 0.00 0.00 0.00 0.00 0.00 4.69 0.03 5.86 0.00 0.00 0.00 0.00 0.01 0.05 0.03 0.00 0.00 0.04 0.00 0.00 0.00 0.00 0.01 0.00 1.50 0.00 0.01 0.01 0.00 0.00 0.00 0.00 0.00 0.01 0.00 0.03 0.00 0.00 0.00 0.00 0.01 0.02 0.02 0.00 0.01 0.01 0.00 0.14 0.11 0.02 0.45 0.00 0.00 0.00 0.00 0.00 0.01 
0.03 0.00 0.00 0.05 0.02 4.04 0.02 0.02 0.00 0.00 3.88 0.00 0.00 0.03 0.00 0.12 0.03 2.23 0.03 0.01 0.00 0.00 0.00 0.00 0.03 0.08 0.02 0.00 0.00 0.03 0.00 0.08 0.04 0.00 0.00 0.00 0.00 0.02 0.00 0.02 0.01 0.00 0.03 0.00 0.00 0.17 0.01 0.00 0.00 0.00 0.00 0.00 0.00 0.00 0.00 0.04 0.00 0.03 0.02 0.01 0.00 0.02 0.00 0.62 0.00 0.01 0.24 0.00 0.01 0.00 0.01 3.86 0.01 0.00 0.05 0.00 0.01 0.00 0.03 0.00 0.02 0.00 0.01 0.00 0.01 0.01 0.07 0.01 0.05 0.00 0.03 0.00 0.00 0.02 0.01 0.00 0.00 0.00 0.00 0.03 
0.03 0.02 0.21 0.00 0.00 0.01 0.15 0.00 2.70 0.05 0.00 0.00 0.00 0.01 0.01 0.04 0.00 0.00 0.03 0.02 0.04 0.00 0.00 0.00 0.00 1.32 0.01 0.00 0.00 0.03 0.03 0.00 0.02 0.18 0.02 0.01 4.67 0.02 0.00 0.01 0.02 0.03 0.00 0.05 3.73 0.01 0.00 0.01 0.00 0.04 0.00 0.01 0.01 0.00 0.00 0.01 0.00 0.01 0.00 0.00 0.05 0.04 0.24 0.01 0.04 0.11 0.12 0.05 0.00 0.02 0.03 0.01 0.00 0.00 0.00 0.00 0.02 0.00 0.01 0.01 0.01 0.02 0.02 0.01 0.00 0.01 0.00 1.22 0.00 0.00 0.01 0.04 0.05 0.48 0.00 0.00 0.00 0.02 0.01 0.32 
0.00 0.00 0.01 0.01 0.02 1.72 0.61 0.00 0.00 0.01 0.01 0.01 0.02 0.36 0.00 0.05 0.03 0.00 0.23 0.18 0.03 0.02 0.01 0.04 0.00 0.00 0.04 0.00 0.00 0.46 0.00 1.22 0.03 0.00 0.00 0.03 0.00 0.01 0.00 0.00 0.00 0.00 0.05 0.00 0.00 0.00 0.00 0.00 0.00 0.05 0.04 6.91 0.01 0.00 0.00 0.01 0.04 0.11 0.01 0.00 0.00 0.00 0.00 0.02 1.49 0.00 0.07 0.01 0.00 0.00 0.06 0.02 0.02 0.00 0.00 0.01 0.00 0.00 0.00 0.00 0.00 0.00 0.00 0.00 0.03 0.02 0.01 0.02 0.03 0.00 0.02 0.00 0.02 0.04 0.00 0.00 0.00 0.00 0.00 66.69 
2.73 0.09 0.00 0.00 6.57 0.00 0.02 0.00 0.00 0.00 0.00 0.00 0.00 0.01 0.00 0.10 1.88 0.00 0.00 0.00 0.00 0.00 0.00 0.00 0.02 0.00 0.00 0.00 0.00 0.00 0.00 0.00 0.04 0.00 0.01 0.01 0.00 0.00 0.01 0.00 0.00 0.00 3.73 0.00 0.00 0.00 0.00 0.12 0.00 0.00 0.00 0.00 0.02 0.00 0.00 0.00 0.00 0.00 0.00 0.03 0.00 0.01 0.00 0.01 0.00 0.00 0.00 0.00 0.04 0.00 0.02 0.03 0.02 0.01 0.00 0.45 0.00 0.00 0.01 0.01 0.04 0.00 0.00 0.00 0.01 0.00 0.00 0.01 0.00 0.00 0.00 0.01 0.00 0.00 0.00 0.00 0.00 0.00 0.08 29.17 
0.01 0.00 0.00 0.01 0.01 0.00 0.00 0.00 0.01 0.00 0.04 0.10 0.00 0.00 0.01 0.01 0.04 0.00 0.00 0.00 0.00 5.80 0.01 0.06 0.10 0.15 0.00 0.00 0.01 0.03 0.34 0.00 0.09 0.00 0.03 0.01 0.06 6.87 0.00 0.36 0.00 0.17 0.01 0.00 0.00 0.00 0.01 0.00 0.01 0.10 0.00 0.00 0.00 0.00 0.13 0.57 0.01 0.00 0.00 0.01 0.00 0.15 0.02 0.00 0.08 0.01 0.01 0.00 0.33 0.01 0.01 0.01 0.00 0.01 0.02 0.03 0.02 0.00 0.00 0.00 0.00 0.00 0.00 0.01 0.01 0.03 0.01 0.02 0.00 0.01 0.03 0.02 0.01 0.00 0.00 0.00 0.00 0.01 0.00 39.28 
0.00 0.00 0.00 0.00 0.00 0.00 0.00 0.00 0.00 0.01 0.01 0.00 0.00 3.77 0.00 0.00 0.00 0.00 0.01 0.00 0.00 0.00 0.40 0.01 0.00 0.00 0.02 0.00 0.38 0.00 0.00 0.00 2.94 0.00 0.00 0.00 0.00 0.00 0.00 0.00 0.00 0.01 0.00 0.00 0.00 0.01 0.00 0.00 0.00 5.95 0.00 0.02 0.00 0.01 0.00 0.01 0.04 0.08 0.15 0.00 0.00 0.00 0.01 0.00 0.01 0.01 0.00 0.01 0.03 0.00 0.04 0.00 0.00 0.00 0.00 0.00 0.02 0.00 0.00 0.00 0.00 0.00 0.03 0.00 1.91 0.12 0.00 0.00 0.00 0.00 0.00 0.15 0.01 0.00 0.00 0.00 0.00 0.00 0.00 32.87 
0.02 0.00 0.00 0.00 0.01 0.00 0.06 0.56 0.01 0.00 0.01 0.00 0.00 0.02 0.02 0.10 0.00 0.08 0.01 4.20 0.95 0.00 0.01 0.00 0.02 0.03 0.01 0.00 0.01 0.01 0.00 0.25 0.03 0.00 0.00 0.00 1.54 0.02 0.00 0.02 0.00 0.00 0.01 0.00 0.12 0.00 0.00 0.00 0.00 0.01 0.00 0.00 0.32 0.02 0.00 0.02 0.02 0.00 3.38 0.01 0.01 0.16 0.05 0.00 0.33 0.04 0.04 0.03 0.02 0.00 0.00 0.01 0.00 0.00 0.01 0.00 1.34 0.03 0.00 0.07 0.00 0.01 0.00 0.01 0.04 0.03 0.08 0.36 0.02 0.01 0.02 0.37 0.00 1.14 0.00 0.00 0.01 0.00 0.00 18.73 
0.00 0.00 0.01 0.00 0.00 0.00 0.01 0.00 0.00 0.00 0.00 0.00 0.00 0.01 0.02 0.00 0.01 0.00 0.00 0.02 0.00 0.00 0.91 0.00 0.04 0.00 0.01 0.00 0.00 0.01 0.01 0.00 0.02 0.01 0.00 0.05 0.01 0.01 0.00 0.03 4.69 0.00 0.00 0.00 0.00 0.01 0.00 0.00 0.00 0.25 0.00 0.28 0.00 0.00 0.00 0.00 0.00 0.00 0.00 0.00 0.00 1.03 0.00 0.00 0.01 0.00 0.00 0.00 0.00 5.76 0.00 0.00 0.00 0.01 0.01 0.00 0.00 0.00 0.08 0.00 0.01 0.00 2.38 0.00 0.00 0.00 0.00 0.00 0.00 0.00 0.34 0.00 0.00 0.00 0.01 0.00 0.00 0.02 0.00 25.03 
0.01 0.00 0.00 0.00 0.04 0.02 0.03 0.09 0.22 0.00 0.05 0.00 0.04 0.03 0.01 0.04 0.66 0.02 0.01 0.03 0.01 0.00 0.03 0.01 0.02 0.00 0.00 1.21 0.14 2.28 0.01 3.21 0.01 0.00 0.00 0.00 0.00 0.01 0.00 0.02 0.03 0.00 0.04 0.05 0.00 0.10 5.95 0.01 0.25 0.00 0.00 0.00 0.01 0.00 0.08 0.55 0.00 0.24 0.00 0.00 0.02 0.07 0.00 0.00 0.00 0.04 0.02 0.00 0.02 0.02 0.01 0.04 0.00 0.00 0.02 0.06 0.00 0.00 0.09 0.00 0.00 0.00 0.01 0.00 0.02 0.01 0.14 0.00 0.01 0.00 0.01 0.01 0.03 0.02 0.00 0.00 0.03 0.01 0.00 0.06 
0.05 0.00 0.00 0.00 0.18 0.01 0.01 0.00 0.00 0.00 0.00 0.30 0.00 0.00 7.30 0.08 0.00 0.03 0.00 0.00 0.00 0.02 0.02 0.02 0.01 0.02 0.06 0.00 0.02 0.04 0.30 0.00 0.02 0.41 0.00 0.37 0.00 0.00 0.00 0.02 5.86 0.00 0.00 0.04 0.00 0.00 0.00 0.00 0.00 0.00 0.00 0.00 0.01 0.00 0.00 0.00 0.00 0.00 0.00 0.00 0.00 0.00 0.00 0.00 0.05 0.00 0.02 0.00 0.00 0.07 0.00 0.14 0.00 0.00 0.00 0.00 0.00 0.00 0.00 0.00 0.00 0.00 0.00 0.03 0.00 0.00 0.01 0.23 0.02 0.00 0.02 0.00 0.05 0.00 0.00 0.00 0.00 0.01 0.00 14.41 
0.01 0.00 0.00 0.00 0.00 0.03 0.13 0.01 0.00 0.00 0.00 0.00 0.01 0.00 0.00 0.30 0.01 0.04 0.25 0.00 0.01 0.00 0.00 0.01 0.02 0.00 0.80 0.00 0.01 0.00 0.00 0.02 0.00 1.37 0.01 0.03 0.00 2.12 0.00 0.00 0.00 0.00 0.01 6.91 0.00 0.00 0.02 0.00 0.28 0.00 0.00 0.00 0.00 0.00 0.00 0.00 0.00 0.03 0.00 0.38 0.78 0.00 0.01 0.00 0.00 0.04 0.01 0.00 0.01 0.00 0.00 0.03 0.00 0.00 0.08 0.00 0.00 0.00 0.01 0.02 0.04 0.00 0.00 0.00 0.00 0.01 0.00 0.01 0.03 0.00 0.00 0.00 0.02 0.01 2.25 0.01 0.00 0.00 0.00 0.02 
0.04 0.00 0.00 0.26 0.01 0.03 0.13 3.90 0.02 0.01 0.02 0.00 0.01 0.00 0.02 0.00 0.01 0.00 0.02 0.03 2.17 0.03 0.00 0.01 0.01 0.02 0.01 0.00 0.00 0.01 0.02 0.03 0.17 0.00 0.01 0.03 0.02 0.00 0.01 0.00 0.00 0.00 0.01 0.01 0.02 0.00 0.00 0.32 0.00 0.01 0.01 0.00 0.00 0.11 0.00 0.04 0.01 0.32 0.00 0.00 0.04 0.00 0.05 0.01 0.07 0.00 0.00 0.00 0.58 0.00 0.02 0.16 0.00 0.00 0.03 0.00 0.02 0.01 0.00 0.00 0.10 5.56 0.00 0.00 0.16 0.02 0.00 0.00 0.00 0.00 0.00 0.04 1.41 0.00 0.03 0.01 0.00 0.00 0.00 0.00 
0.32 0.00 4.84 0.00 0.02 0.03 0.02 0.00 0.00 0.03 0.04 0.03 0.01 0.00 0.00 0.24 0.00 0.02 0.00 0.02 0.01 0.05 0.00 0.02 0.17 0.00 0.02 0.37 0.01 0.00 0.02 0.00 0.02 0.00 0.17 0.01 0.00 0.00 0.00 0.03 0.00 0.00 0.00 0.00 0.00 0.00 0.01 0.02 0.00 0.00 0.00 0.00 0.11 0.00 0.00 0.03 0.01 0.01 0.00 0.00 0.05 0.01 0.02 0.00 0.00 0.02 0.09 0.01 0.00 0.05 0.04 0.01 0.00 0.00 0.04 0.05 0.01 0.04 0.00 2.35 0.01 0.12 0.06 0.00 0.01 0.04 0.00 1.73 0.20 0.00 4.41 0.05 0.03 0.00 0.01 0.00 0.00 0.02 0.00 0.01 
0.02 0.01 0.01 0.00 0.00 0.00 0.02 0.00 0.00 0.40 0.00 0.00 0.00 0.00 0.02 1.43 0.02 0.01 5.62 0.00 0.01 0.00 0.02 0.19 0.00 0.00 0.00 0.02 0.00 0.01 0.00 0.02 0.01 0.00 0.00 0.02 0.00 0.00 0.00 0.01 0.00 0.00 0.00 0.00 0.00 0.13 0.00 0.00 0.00 0.08 0.00 0.00 0.00 0.00 0.00 0.00 0.01 0.04 0.00 0.00 0.22 0.00 0.00 0.00 3.56 0.09 0.00 0.02 0.00 0.00 0.00 0.00 0.01 0.00 0.00 0.00 0.02 0.00 0.00 0.00 0.00 0.01 0.00 0.00 0.00 0.02 0.00 0.00 0.00 0.00 0.00 0.00 3.88 0.00 0.01 0.00 0.00 0.00 0.00 6.86 
0.17 0.00 0.01 0.00 0.03 0.11 0.03 0.00 0.01 0.00 0.00 0.00 0.05 0.00 0.00 0.22 0.02 0.11 0.01 0.02 0.00 0.05 0.03 0.01 0.00 0.03 0.04 0.00 0.00 0.00 0.12 0.03 0.05 0.02 0.01 0.10 0.01 0.01 0.00 0.34 0.01 0.04 0.01 0.01 0.00 0.57 0.01 0.02 0.00 0.55 0.00 0.00 0.04 0.03 0.00 0.00 0.01 1.11 1.60 0.03 0.00 0.00 0.01 0.00 0.02 0.02 0.00 0.00 0.01 0.00 0.02 0.02 0.00 0.00 0.00 0.02 0.04 0.00 0.06 0.00 0.01 0.01 0.01 0.01 0.02 0.01 0.02 0.00 0.00 7.19 0.01 0.20 0.00 2.67 0.01 0.00 0.00 0.02 0.02 8.39 
0.03 0.00 0.04 0.01 0.00 0.02 0.06 0.00 0.00 0.06 0.02 0.00 0.01 0.00 0.06 0.08 0.03 0.01 0.00 0.03 0.01 0.02 0.03 0.21 0.03 0.00 4.35 0.00 0.02 0.02 0.01 0.01 0.19 0.00 0.00 0.06 0.01 0.02 0.01 0.11 0.05 0.00 0.00 0.04 0.00 0.01 0.04 0.02 0.00 0.00 0.00 0.00 0.01 0.01 0.01 0.01 0.00 0.01 0.01 0.00 0.01 0.00 0.04 0.02 0.00 1.55 0.00 0.14 0.00 0.00 0.00 0.00 0.02 0.00 0.00 0.00 0.02 0.01 0.68 0.00 0.00 0.39 0.00 0.00 0.00 0.01 0.77 0.12 0.00 0.02 0.11 0.06 0.01 0.00 0.00 2.82 0.00 3.41 0.00 52.80 
0.21 0.02 0.04 0.00 0.01 0.01 0.08 0.00 0.00 0.01 0.00 0.00 0.00 0.01 0.01 0.06 0.02 0.04 0.03 0.01 0.00 0.00 0.09 0.01 0.05 0.00 0.07 0.00 3.52 0.02 0.03 6.76 0.02 0.04 0.00 0.04 0.01 0.04 0.00 0.00 0.03 0.03 0.01 0.11 0.00 0.00 0.08 0.00 0.00 0.24 0.00 0.03 0.32 0.01 0.04 1.11 0.01 0.00 0.01 0.01 0.04 0.32 0.07 0.04 0.02 0.00 0.02 0.01 0.01 0.01 0.01 0.05 0.00 0.00 0.00 0.14 0.07 0.02 0.00 0.00 0.28 0.00 0.00 0.03 0.01 0.01 0.02 0.05 0.30 0.00 0.25 0.65 0.00 0.27 0.01 0.00 0.00 0.22 0.00 0.03 
0.01 0.00 0.00 0.01 0.00 0.00 0.00 0.00 0.00 0.00 3.34 0.01 0.01 0.02 0.02 0.01 0.00 0.00 0.01 0.11 0.00 0.00 0.01 0.00 0.00 0.01 0.01 0.04 0.09 0.00 0.13 0.00 0.02 0.00 0.03 0.01 0.00 0.10 0.00 0.01 0.00 0.02 0.00 0.01 0.00 0.00 0.15 3.38 0.00 0.00 0.00 0.00 0.00 0.00 0.00 1.60 0.01 0.01 0.00 0.01 0.00 0.01 0.00 0.00 0.00 0.02 0.01 0.00 0.02 0.02 0.02 0.00 0.00 0.00 0.00 0.00 0.02 0.00 0.01 0.00 6.82 0.00 0.00 0.04 0.02 0.01 0.00 0.00 0.03 0.00 0.00 0.01 0.00 0.01 0.00 0.00 0.00 0.00 0.00 1.46 
0.02 0.00 0.00 0.00 0.00 0.00 1.98 0.00 0.00 0.01 0.00 0.01 0.01 0.00 0.00 0.01 0.00 0.00 0.00 0.06 0.00 0.00 0.00 0.01 0.00 0.01 0.04 0.01 0.01 0.00 0.00 0.00 0.04 0.00 0.00 0.00 0.00 0.00 0.00 0.02 0.00 0.01 0.00 0.00 0.03 0.01 0.00 0.01 0.00 0.00 0.00 0.38 0.00 0.00 0.00 0.03 0.00 0.01 0.01 0.00 0.01 6.17 0.00 0.00 0.00 0.00 0.00 0.02 0.00 0.00 0.01 0.01 0.00 0.00 0.00 0.01 0.00 6.77 0.00 0.01 0.00 0.00 0.00 0.00 0.00 0.00 0.02 0.00 0.00 0.00 0.04 0.38 0.00 0.00 0.00 0.00 0.00 0.00 0.00 0.11 
0.20 6.58 0.00 0.00 0.00 0.00 0.11 0.00 0.03 0.02 0.00 0.00 0.00 0.00 0.00 0.01 0.07 0.00 0.00 0.04 0.00 0.00 0.22 0.07 0.01 0.07 0.01 0.00 0.00 0.00 0.51 0.00 0.04 0.01 0.00 0.04 0.00 0.02 0.02 0.02 0.04 0.00 0.05 0.00 0.00 0.00 0.00 0.01 0.00 0.02 0.00 0.78 0.04 0.05 0.22 0.00 0.01 0.04 0.00 0.01 0.00 0.01 0.01 0.00 0.00 0.00 0.01 0.00 0.04 0.00 0.00 0.04 0.00 0.00 0.00 0.00 0.01 0.04 0.00 0.00 0.10 0.01 0.02 0.01 0.01 0.14 4.43 0.01 0.00 0.01 0.01 0.00 0.02 0.00 0.02 1.49 0.01 0.08 0.00 41.92 
0.02 0.02 0.00 0.02 0.00 0.03 0.01 4.24 0.00 0.02 0.00 0.03 0.06 0.01 0.07 0.07 0.03 0.04 0.02 0.00 1.97 0.22 0.02 0.01 0.00 0.00 0.00 0.06 0.00 0.01 0.01 0.10 0.00 0.02 0.00 0.00 0.00 0.01 0.03 0.00 0.00 0.02 0.04 0.00 0.01 0.15 0.00 0.16 1.03 0.07 0.00 0.00 0.00 0.01 0.00 0.00 0.00 0.32 0.01 6.17 0.01 0.00 0.00 0.01 0.00 0.00 0.04 0.01 0.00 0.01 0.02 0.02 0.00 0.00 0.02 0.00 0.02 0.04 0.02 0.00 0.00 0.00 0.00 0.01 0.00 0.00 0.01 0.37 0.00 0.00 0.01 0.11 0.07 0.11 0.00 0.01 0.00 0.05 0.00 47.42 
0.02 0.05 0.00 0.00 0.02 0.06 0.02 0.00 0.21 0.02 0.00 0.07 0.01 0.03 0.01 0.11 0.01 0.04 0.00 0.00 0.02 0.01 0.03 0.03 0.00 0.00 0.10 0.00 0.90 0.06 0.01 0.10 0.03 0.00 1.02 0.00 6.49 0.05 0.01 0.01 0.00 0.00 0.24 0.00 0.00 0.02 0.01 0.05 0.00 0.00 0.00 0.01 0.05 0.02 0.00 0.01 0.04 0.07 0.00 0.00 0.01 0.00 0.00 0.00 0.01 0.02 0.02 1.04 0.00 0.02 0.08 0.04 0.07 0.03 0.00 2.90 0.07 0.00 0.01 0.00 0.37 0.00 0.00 0.00 0.10 0.13 0.05 1.02 0.00 0.00 0.01 0.04 0.01 0.03 0.00 0.00 0.02 0.06 0.00 0.01 
0.00 0.00 0.01 0.00 0.00 0.00 0.01 0.00 0.00 6.20 0.00 0.00 0.29 0.00 0.00 0.00 0.01 0.03 0.00 0.01 0.04 0.00 0.00 0.00 0.00 0.00 0.04 0.00 0.00 0.01 0.00 0.00 0.00 0.01 0.00 0.00 0.00 0.00 0.01 0.00 0.00 0.62 0.01 0.02 0.01 0.00 0.00 0.00 0.00 0.00 0.00 0.00 0.01 0.00 0.00 0.00 0.02 0.04 0.00 0.00 0.00 0.01 0.00 0.00 0.00 0.00 0.10 0.00 0.00 0.00 0.00 0.00 0.00 0.05 0.01 0.03 1.11 0.00 0.00 0.00 0.00 0.00 0.00 0.00 0.01 0.00 0.04 0.01 0.00 0.00 0.03 0.03 6.06 0.00 0.00 0.01 0.00 0.01 0.00 45.84 
0.00 0.01 0.02 0.01 0.00 0.01 0.01 0.00 0.01 0.00 0.00 0.09 0.00 0.01 0.00 0.01 0.02 0.00 0.00 0.00 0.03 0.01 0.01 0.20 0.00 0.00 0.02 0.00 0.00 0.10 0.03 0.43 0.02 0.00 0.00 0.00 0.07 0.00 2.57 0.00 0.00 0.00 0.04 1.49 0.00 0.08 0.01 0.33 0.01 0.00 0.05 0.00 0.07 0.00 3.56 0.02 0.00 0.02 0.00 0.00 0.00 0.00 0.01 0.00 0.00 0.00 0.00 0.00 0.00 0.00 0.02 0.01 0.02 0.00 0.00 0.01 0.08 0.00 0.00 0.01 0.00 5.97 0.01 0.00 0.00 0.00 0.00 0.01 0.04 0.34 0.06 0.22 0.00 0.01 0.00 0.00 0.00 0.02 0.00 0.87 
0.08 0.00 0.00 0.00 0.57 0.00 0.02 0.00 0.00 0.05 0.05 0.01 0.01 0.02 0.01 0.00 0.02 0.03 0.00 0.02 0.07 0.00 0.05 0.02 0.04 0.00 0.11 0.00 5.73 0.00 1.86 0.00 0.03 0.01 0.00 0.27 0.02 0.02 0.00 0.00 0.01 0.01 0.11 0.00 0.00 0.01 0.01 0.04 0.00 0.04 0.00 0.04 0.00 0.02 0.09 0.02 1.55 0.00 0.02 0.00 0.00 0.00 0.02 0.00 0.00 0.00 0.02 0.00 0.00 0.02 0.03 0.14 0.00 0.00 2.80 0.01 0.01 0.00 0.00 0.00 0.02 0.00 0.00 0.03 0.00 0.04 0.00 0.01 0.00 0.02 0.02 0.05 0.00 0.23 0.01 0.00 0.00 0.10 0.00 1.66 
0.40 0.00 0.00 0.05 0.01 0.01 0.06 0.09 0.00 0.00 0.00 0.01 0.37 0.00 0.00 0.02 0.05 0.00 0.00 0.04 0.00 0.04 0.00 0.01 0.10 0.00 3.04 6.90 1.04 0.00 0.02 0.12 0.00 0.01 0.00 0.03 0.44 0.10 0.00 0.06 0.00 0.24 0.12 0.07 0.00 0.01 0.00 0.04 0.00 0.02 0.02 0.01 0.00 0.09 0.00 0.00 0.00 0.02 0.01 0.00 0.01 0.04 0.02 0.10 0.00 0.02 0.00 0.01 0.02 0.00 0.70 0.11 0.01 0.01 0.00 0.03 0.07 0.00 0.01 0.00 0.00 0.60 0.00 0.00 0.00 0.01 0.02 0.00 0.00 0.00 0.00 0.05 0.00 0.46 0.00 0.00 0.00 0.00 0.00 23.72 
0.06 0.00 0.00 0.00 0.01 0.02 0.03 0.00 0.00 0.01 0.04 0.03 0.63 0.00 0.03 0.14 0.02 0.02 0.03 0.01 0.01 0.08 0.00 0.01 0.06 0.00 0.04 0.01 0.00 0.03 0.03 0.00 0.03 0.00 0.02 0.00 0.02 0.02 0.00 0.01 1.50 0.00 0.05 0.01 0.00 0.00 0.01 0.03 0.00 0.00 0.00 0.00 0.00 0.01 0.02 0.00 0.14 0.01 0.00 0.02 0.00 0.01 1.04 0.00 0.00 0.00 0.01 0.00 0.01 0.00 0.03 0.05 4.07 0.03 0.00 0.05 0.07 0.03 0.04 0.00 0.02 0.01 0.01 0.00 0.07 0.10 0.00 0.00 0.08 6.34 0.02 0.03 0.01 0.00 0.57 0.02 0.19 0.03 0.00 0.04 
1.55 0.00 0.03 0.01 0.00 0.01 0.01 3.31 0.00 0.00 0.00 0.00 0.00 0.00 0.01 0.00 0.00 1.48 0.00 0.06 0.00 0.00 0.00 0.21 0.10 0.02 0.00 0.00 0.00 0.04 0.03 0.00 0.01 0.00 0.05 0.01 0.02 0.02 0.00 0.00 0.00 0.01 0.00 0.00 0.04 0.33 0.03 0.02 0.00 0.02 0.00 0.01 0.58 0.00 0.00 0.01 0.00 0.01 0.02 0.00 0.04 0.00 0.00 0.00 0.00 0.00 0.02 0.01 0.00 0.00 0.01 0.07 0.00 0.00 0.00 0.01 0.03 0.00 0.05 0.05 0.00 0.00 0.00 0.01 0.00 0.45 0.06 0.04 0.06 0.02 0.01 0.08 0.00 6.16 0.00 0.00 0.00 0.02 0.00 48.87 
0.06 0.02 0.32 0.00 0.00 0.01 0.01 0.00 0.00 0.04 0.00 0.00 0.00 0.00 0.00 0.01 0.01 0.00 0.01 0.00 0.00 0.01 0.00 0.03 0.00 0.00 0.00 0.00 0.00 6.10 0.03 0.07 0.02 0.01 0.01 0.15 0.00 0.01 0.00 0.02 0.01 0.00 0.02 0.00 0.00 0.01 0.00 0.00 5.76 0.02 0.07 0.00 0.00 0.05 0.00 0.00 0.00 0.01 0.02 0.00 0.00 0.01 0.02 0.00 0.00 0.02 0.00 0.00 0.00 0.00 0.00 0.10 0.00 0.02 0.00 0.00 2.59 0.00 0.01 0.01 0.00 0.00 0.00 0.00 0.06 0.04 0.00 0.00 0.00 0.03 0.03 0.00 0.00 0.01 0.04 0.00 0.00 0.23 0.00 20.77 
0.07 0.02 0.01 0.01 2.69 0.02 0.01 0.00 0.00 0.02 0.06 0.01 0.00 0.00 0.02 0.02 0.02 0.00 0.01 0.02 0.04 0.01 0.03 0.02 0.01 0.00 0.03 0.00 0.01 0.02 0.00 0.19 0.04 0.00 0.10 0.01 0.00 0.63 0.00 4.85 0.01 0.01 0.03 0.06 0.02 0.01 0.04 0.00 0.00 0.01 0.00 0.00 0.02 0.04 0.00 0.02 0.00 0.01 0.02 0.01 0.00 0.02 0.08 0.00 0.02 0.03 0.70 0.03 0.01 0.00 0.00 1.35 0.00 0.00 0.02 0.00 0.04 0.00 0.03 0.01 0.01 0.00 0.33 0.00 0.04 0.01 0.04 0.17 0.00 0.01 0.26 0.95 0.02 0.02 0.09 0.00 0.03 2.66 0.00 0.00 
0.00 0.00 0.00 0.02 0.00 0.01 0.02 0.00 0.01 0.06 0.01 0.01 0.09 0.08 0.02 0.18 0.03 0.00 0.03 1.30 0.00 0.01 0.00 0.00 0.04 0.01 0.06 0.46 0.00 0.00 0.03 0.01 0.09 3.68 0.03 0.01 0.03 0.00 0.01 0.00 0.00 3.86 0.01 0.02 0.03 0.01 0.00 0.01 0.00 0.04 0.14 0.03 0.16 0.01 0.00 0.02 0.00 0.05 0.00 0.01 0.04 0.02 0.04 0.00 0.01 0.14 0.11 0.05 0.07 0.10 1.35 0.00 0.01 0.01 0.00 0.01 0.04 0.47 0.02 0.03 1.20 0.00 0.03 0.06 0.10 0.05 0.02 0.03 0.55 0.00 0.05 0.85 0.04 0.01 0.00 0.00 0.03 0.00 0.02 0.06 
0.00 0.00 0.00 0.00 0.00 0.00 0.02 0.01 0.00 0.01 0.00 0.01 0.01 2.30 0.00 0.01 0.03 0.00 0.02 0.00 0.00 0.00 0.00 0.01 0.00 0.00 0.00 0.00 0.00 0.00 0.00 0.00 4.77 0.00 0.00 0.00 0.00 0.00 0.02 0.00 0.00 0.01 0.00 0.02 0.02 0.00 0.00 0.00 0.00 0.00 0.00 0.00 0.00 0.00 0.01 0.00 0.02 0.00 0.00 0.00 0.00 0.00 0.07 0.00 0.02 0.00 0.01 4.07 0.00 0.00 0.00 0.01 0.00 0.00 0.00 0.02 0.00 0.00 0.00 0.00 0.00 0.00 0.00 4.10 0.02 0.00 0.00 0.00 0.01 0.00 0.08 0.00 0.34 0.00 0.01 0.00 0.13 0.00 0.00 0.03 
0.01 0.01 0.00 0.00 0.00 0.64 0.22 0.00 0.00 6.92 0.00 0.01 0.00 5.88 0.00 0.55 0.00 0.00 0.01 0.00 0.00 0.00 0.00 0.00 0.01 0.04 0.01 0.00 0.00 0.03 0.00 0.00 0.01 0.00 0.00 0.00 0.00 0.62 0.02 0.01 0.00 0.00 0.00 0.00 0.01 0.01 0.00 0.00 0.01 0.00 0.00 0.00 0.00 0.00 0.00 0.00 0.00 0.00 0.00 0.00 0.00 0.00 0.03 0.05 0.00 0.00 0.01 0.03 0.00 0.02 0.00 0.01 0.00 0.00 0.00 0.00 0.00 0.00 0.01 0.00 0.00 0.09 0.11 0.00 0.00 0.09 0.01 0.00 0.02 0.00 0.04 0.63 0.02 0.01 0.00 0.00 0.00 0.02 0.00 0.07 
0.13 0.01 0.00 0.00 0.00 0.02 0.07 0.00 0.00 0.01 0.02 0.00 0.00 0.00 0.01 0.02 0.00 0.02 0.00 0.24 0.00 0.00 5.59 0.00 4.47 0.00 0.00 0.15 0.01 0.00 1.19 0.00 0.39 0.00 0.07 0.01 0.03 0.02 0.01 0.00 0.00 0.05 0.00 0.00 0.00 0.02 0.00 0.01 0.01 0.02 0.00 0.08 0.03 0.04 0.00 0.00 0.00 0.00 0.00 0.00 0.00 0.02 0.00 0.01 0.00 2.80 0.00 0.00 0.00 0.00 0.02 0.00 0.00 0.00 0.00 0.03 0.00 0.00 0.09 0.00 0.00 0.00 0.00 0.01 0.01 0.01 0.32 0.01 0.02 0.00 0.01 0.05 0.00 0.00 0.07 0.00 0.00 0.01 0.00 0.03 
0.03 0.00 0.02 0.00 0.00 0.00 0.03 0.00 0.01 0.00 0.01 0.00 0.01 0.00 0.00 0.01 0.00 0.02 0.00 0.02 0.00 0.03 0.01 0.97 0.06 0.00 1.66 0.00 0.00 0.01 0.02 0.01 0.04 0.01 0.00 0.03 0.00 0.00 0.00 4.44 0.00 0.00 0.00 0.01 0.45 0.03 0.00 0.00 0.00 0.06 0.00 0.00 0.00 0.05 0.00 0.02 0.00 0.14 0.00 0.01 0.00 0.00 2.90 0.03 0.01 0.01 0.03 0.05 0.01 0.00 0.00 0.01 0.02 0.00 0.03 0.00 0.02 0.02 0.01 0.00 0.00 0.00 0.00 0.01 0.00 0.01 0.00 0.02 0.02 0.01 0.07 0.01 0.00 0.00 4.00 0.00 0.00 0.01 0.00 45.41 
0.02 0.01 0.00 0.00 0.04 0.02 0.15 0.00 0.05 0.00 0.03 0.00 0.01 0.03 0.00 1.54 0.05 0.00 0.00 0.35 0.00 0.01 0.00 0.18 0.01 0.02 0.05 0.02 0.00 0.01 0.11 0.18 0.18 0.01 0.04 0.02 0.63 0.00 0.01 4.74 0.01 0.01 0.02 0.00 0.00 0.02 0.02 1.34 0.00 0.00 0.00 0.00 0.02 0.01 0.02 0.04 0.02 0.07 0.02 0.00 0.01 0.02 0.07 1.11 0.08 0.01 0.07 0.07 0.03 2.59 0.04 0.04 0.00 0.00 0.00 0.02 0.00 0.01 0.00 0.03 0.01 0.00 0.02 0.01 0.01 0.08 0.10 0.02 0.01 0.00 0.08 0.03 0.02 0.04 1.38 0.00 0.00 0.05 0.03 0.02 
0.01 0.00 0.02 0.00 3.80 0.00 0.02 0.01 0.00 0.00 0.30 0.00 0.02 0.00 0.76 2.44 0.01 0.00 0.00 0.08 0.01 0.00 0.01 0.00 0.01 0.01 0.01 0.00 0.00 0.00 0.01 0.00 0.53 0.00 0.02 0.01 0.01 0.08 0.01 0.00 0.00 0.00 0.00 0.00 0.00 0.00 0.00 0.03 0.00 0.00 0.00 0.00 0.01 0.04 0.00 0.00 0.01 0.02 0.00 6.77 0.04 0.04 0.00 0.00 0.00 0.00 0.00 0.03 0.00 0.00 0.00 0.47 0.00 0.00 0.00 0.02 0.01 0.00 0.00 0.00 0.01 0.00 0.05 0.00 0.14 0.05 0.01 0.03 0.03 0.00 0.03 0.02 0.03 0.02 0.00 0.00 0.00 0.03 0.00 16.94 
0.01 0.00 0.02 0.19 0.00 0.01 0.07 0.00 0.00 0.01 5.67 0.23 0.04 0.00 0.03 0.03 0.00 0.23 0.07 0.01 0.00 0.14 0.00 0.61 0.09 0.00 0.01 0.01 0.00 0.02 0.00 0.08 0.08 0.00 0.01 0.00 0.13 0.03 0.00 0.00 0.03 0.03 0.01 0.00 0.01 0.00 0.00 0.00 0.08 0.09 0.00 0.01 0.00 0.00 0.00 0.06 0.68 0.00 0.01 0.00 0.00 0.02 0.01 0.00 0.00 0.00 0.01 0.04 0.05 0.01 0.03 0.02 0.00 0.01 0.09 0.01 0.00 0.00 0.00 0.05 0.00 0.00 0.38 0.00 0.00 0.14 0.00 0.00 0.00 0.00 0.03 0.07 0.03 0.01 0.00 0.01 0.00 0.02 6.30 3.34 
0.00 0.00 0.00 0.00 0.01 0.01 0.01 0.02 0.00 0.01 0.00 0.00 0.01 0.00 0.01 0.00 0.01 0.01 0.00 0.02 0.02 0.01 0.00 0.00 0.00 0.00 0.02 0.00 0.01 0.01 0.01 0.07 0.02 1.04 0.05 0.06 0.00 0.00 5.75 0.00 0.00 0.00 0.01 0.00 0.01 0.00 0.00 0.07 0.00 0.00 0.00 0.02 0.00 2.35 0.00 0.00 0.00 0.00 0.00 0.01 0.00 0.00 0.00 0.00 0.01 0.00 0.00 0.00 0.05 0.01 0.01 0.03 0.00 0.00 0.00 0.00 0.03 0.00 0.05 0.00 0.00 0.00 0.03 5.73 0.04 0.00 0.12 0.10 0.00 0.01 0.03 0.00 0.01 0.06 0.02 0.00 0.00 0.03 0.00 57.99 
1.90 0.00 0.00 0.01 0.00 0.00 0.02 0.00 0.03 0.01 0.00 4.08 0.00 0.00 0.00 0.03 0.00 0.00 0.00 0.02 0.00 0.00 0.00 0.00 0.00 0.00 0.01 0.02 0.00 0.03 0.00 0.00 0.00 0.00 0.00 0.11 0.00 0.00 0.01 0.00 0.00 0.02 0.01 0.00 0.04 0.00 0.00 0.00 0.01 0.00 0.00 0.04 0.10 0.01 0.00 0.01 0.00 0.28 6.82 0.00 0.10 0.00 0.37 0.00 0.00 0.02 0.00 0.02 0.00 0.00 0.01 1.20 0.00 0.00 0.00 0.00 0.01 0.01 0.00 0.00 0.00 0.00 0.01 0.09 0.00 0.01 0.01 0.00 0.00 0.00 0.01 0.00 0.00 0.00 0.01 0.00 0.00 0.00 0.67 0.01 
0.01 0.00 0.00 0.00 0.00 0.07 0.01 0.00 0.00 0.00 0.00 0.00 0.00 0.00 0.02 0.16 0.00 0.00 0.02 0.02 0.00 0.00 0.00 0.00 0.00 0.00 0.01 0.00 0.00 0.00 0.03 0.00 0.00 0.01 0.00 0.00 0.05 0.01 0.00 0.00 0.00 0.00 0.02 0.00 0.00 0.00 0.00 0.01 0.00 0.00 0.00 0.00 5.56 0.12 0.01 0.01 0.39 0.00 0.00 0.00 0.01 0.00 0.00 0.00 5.97 0.00 0.60 0.01 0.00 0.00 0.00 0.00 0.00 0.09 0.00 0.00 0.00 0.00 0.00 0.00 0.00 0.00 0.00 0.00 0.00 0.47 2.51 0.02 0.02 0.00 0.00 0.01 0.00 0.01 0.00 0.00 0.01 0.01 0.00 16.54 
0.01 0.01 0.01 0.00 0.00 0.01 0.04 0.04 0.06 0.02 0.01 0.31 0.01 0.00 0.16 0.78 0.01 0.67 0.00 0.00 0.00 0.01 0.00 0.00 0.00 0.00 0.65 0.00 0.00 0.02 0.00 0.00 0.00 0.00 0.00 0.00 0.02 0.00 0.00 0.03 0.00 0.01 0.02 0.00 0.00 0.00 0.03 0.00 2.38 0.01 0.00 0.00 0.00 0.06 0.00 0.01 0.00 0.00 0.00 0.00 0.02 0.00 0.00 0.00 0.01 0.00 0.00 0.01 0.00 0.00 0.33 0.03 0.00 0.11 0.00 0.00 0.02 0.05 0.38 0.03 0.01 0.00 0.00 0.64 7.47 0.01 0.12 0.03 0.14 0.01 0.04 0.00 0.00 1.29 0.02 0.00 0.00 0.00 0.00 19.95 
0.24 0.02 0.01 0.00 0.01 0.04 0.00 0.00 0.01 0.02 0.02 0.09 0.02 0.00 0.01 0.00 0.01 0.01 0.00 0.02 0.00 0.02 0.00 2.35 0.02 0.01 0.02 0.00 0.00 0.02 0.03 0.00 0.01 0.01 0.00 0.00 0.00 0.14 0.00 0.00 0.01 0.00 0.01 0.00 0.00 0.01 0.00 0.01 0.00 0.00 0.03 0.00 0.00 0.00 0.00 0.01 0.00 0.03 0.04 0.00 0.01 0.01 0.00 0.00 0.00 0.03 0.00 0.00 0.01 0.00 0.00 0.06 4.10 0.00 0.01 0.01 0.01 0.00 0.00 5.73 0.09 0.00 0.64 0.00 0.00 0.00 0.00 0.01 0.01 0.00 0.07 0.00 2.02 0.00 0.00 0.00 0.00 0.01 0.02 0.06 
0.03 0.01 0.00 0.00 0.04 0.41 0.02 0.00 0.04 0.01 0.00 0.00 0.00 0.00 0.00 0.03 0.00 0.04 1.48 0.20 0.04 0.01 0.03 0.03 0.00 0.00 0.01 0.00 0.08 0.09 0.02 0.03 2.04 0.00 0.00 0.00 0.40 0.01 0.00 0.00 0.02 0.01 0.00 0.03 0.01 0.01 1.91 0.04 0.00 0.02 0.00 0.00 0.16 0.01 0.00 0.02 0.00 0.01 0.02 0.00 0.01 0.00 0.10 0.01 0.00 0.00 0.00 0.07 0.00 0.06 0.04 0.10 0.02 0.00 0.01 0.00 0.01 0.14 0.00 0.04 0.00 0.00 7.47 0.00 0.00 0.01 0.01 0.13 0.00 0.00 0.00 0.05 0.11 0.07 0.12 0.00 0.00 0.10 0.00 93.32 
0.17 0.00 0.00 0.01 0.02 0.01 3.22 0.01 0.01 0.68 0.01 0.06 0.33 0.01 0.01 2.70 0.13 0.01 0.01 0.04 0.00 0.00 0.16 0.06 0.14 0.02 0.03 0.00 0.00 0.01 0.04 0.02 0.33 0.05 0.00 0.02 0.81 0.00 0.00 0.03 0.02 0.01 0.01 0.02 0.00 0.03 0.12 0.03 0.00 0.01 0.00 0.01 0.02 0.04 0.02 0.01 0.01 0.01 0.01 0.00 0.14 0.00 0.13 0.00 0.00 0.04 0.01 0.10 0.45 0.04 0.01 0.05 0.00 0.09 0.01 0.01 0.08 0.05 0.14 0.00 0.01 0.47 0.01 0.00 0.01 0.00 0.01 0.05 0.01 0.03 3.43 0.17 0.01 0.07 0.04 0.00 0.02 0.11 0.90 0.04 
0.06 0.02 0.00 0.00 0.01 0.00 0.16 0.00 0.00 0.00 0.00 0.04 0.00 0.00 0.01 0.03 0.01 0.02 0.00 0.62 0.06 0.03 0.01 0.02 0.02 0.01 0.05 0.02 0.09 0.00 0.06 0.01 0.04 5.35 0.00 0.00 0.00 0.01 0.00 0.01 0.00 0.07 0.00 0.01 0.00 0.01 0.00 0.08 0.00 0.14 0.01 0.00 0.00 0.00 0.00 0.02 0.77 0.02 0.00 0.02 4.43 0.01 0.05 0.04 0.00 0.00 0.02 0.00 0.06 0.00 0.04 0.02 0.00 0.01 0.32 0.00 0.10 0.01 0.00 0.12 0.01 2.51 0.12 0.00 0.01 0.01 0.00 0.24 0.00 0.00 0.03 0.04 0.00 0.00 0.01 0.01 0.00 0.03 0.00 0.00 
0.00 0.07 0.00 0.28 0.00 0.01 0.01 0.00 0.01 0.04 0.00 0.01 0.00 1.06 0.70 0.46 0.02 0.00 0.02 0.00 0.00 0.02 0.00 0.06 5.05 0.00 0.03 0.00 0.00 0.27 0.65 0.00 0.00 0.01 0.00 0.10 0.00 0.03 0.00 0.02 0.01 0.01 1.22 0.02 0.01 0.02 0.00 0.36 0.00 0.00 0.23 0.01 0.00 1.73 0.00 0.00 0.12 0.05 0.00 0.00 0.01 0.37 1.02 0.01 0.01 0.01 0.00 0.00 0.04 0.00 0.17 0.03 0.00 0.00 0.01 0.02 0.02 0.03 0.00 0.10 0.00 0.02 0.03 0.01 0.13 0.05 0.24 0.00 0.02 0.00 0.00 1.04 0.09 0.01 0.05 0.00 0.00 0.00 0.00 0.03 
0.40 0.01 0.02 4.10 0.15 0.01 0.00 0.20 0.00 0.01 0.09 0.03 0.00 0.02 0.00 0.02 0.00 0.00 0.02 0.00 0.68 0.00 7.20 0.12 0.00 0.00 0.20 0.00 0.02 0.01 0.00 0.01 0.02 0.22 0.00 0.00 0.02 0.00 0.00 0.00 0.01 0.05 0.00 0.03 0.00 0.00 0.00 0.02 0.00 0.01 0.02 0.03 0.00 0.20 0.00 0.00 0.00 0.30 0.03 0.00 0.00 0.00 0.00 0.00 0.04 0.00 0.00 0.08 0.06 0.00 0.00 0.55 0.01 0.02 0.02 0.02 0.01 0.03 0.00 0.00 0.00 0.02 0.14 0.01 0.00 0.01 0.00 0.02 0.00 0.00 0.01 0.19 0.06 0.01 0.00 0.00 0.00 0.02 0.00 26.53 
0.00 0.00 0.00 0.00 0.00 0.00 0.00 0.01 0.00 0.00 0.00 0.00 0.00 0.03 0.06 0.00 0.00 0.00 0.01 0.43 0.01 0.00 0.01 0.00 0.02 0.00 0.00 0.00 0.00 0.00 0.26 0.19 1.06 0.05 0.00 0.00 0.00 0.00 0.00 0.00 0.00 0.00 0.00 0.00 0.00 0.01 0.00 0.01 0.00 0.00 0.00 0.00 0.00 0.00 0.00 7.19 0.02 0.00 0.00 0.00 0.01 0.00 0.00 0.00 0.34 0.02 0.00 6.34 0.02 0.03 0.01 0.00 0.00 0.00 0.00 0.01 0.00 0.00 0.00 0.01 0.00 0.00 0.01 0.00 0.00 0.03 0.00 0.00 0.00 0.00 0.02 0.00 0.03 0.00 0.01 0.00 0.00 0.00 0.00 0.00 
0.06 0.00 0.01 0.00 0.03 0.02 0.03 0.17 0.01 0.00 0.37 0.01 0.49 0.00 0.00 0.01 0.01 0.00 0.01 0.03 0.00 0.02 0.00 0.02 0.01 0.00 0.04 0.00 0.00 0.00 0.07 0.02 0.10 0.25 0.01 0.56 0.00 0.02 0.00 0.00 0.14 0.03 0.01 0.02 0.00 0.03 0.00 0.02 0.34 0.01 0.02 0.00 0.00 4.41 0.00 0.01 0.11 0.25 0.00 0.04 0.01 0.01 0.01 0.03 0.06 0.02 0.00 0.02 0.01 0.03 0.26 0.05 0.08 0.04 0.01 0.07 0.08 0.03 0.03 0.03 0.01 0.00 0.04 0.07 0.00 3.43 0.03 0.00 0.01 0.02 0.00 0.44 0.10 0.00 0.01 0.03 0.01 3.37 0.00 1.05 
0.04 0.05 0.01 0.00 0.13 0.01 0.01 0.00 0.00 0.05 0.01 0.02 0.03 0.01 0.07 0.05 0.13 0.25 0.06 0.06 0.02 0.03 0.00 0.01 0.02 0.02 0.04 0.02 0.12 0.01 0.01 0.04 0.10 0.01 0.03 0.03 0.01 0.29 0.03 0.01 0.11 0.00 0.04 0.00 0.01 0.02 0.15 0.37 0.00 0.01 0.00 0.00 0.04 0.05 0.00 0.20 0.06 0.65 0.01 0.38 0.00 0.11 0.04 0.03 0.22 0.05 0.05 0.03 0.08 0.00 0.95 0.85 0.00 0.63 0.05 0.01 0.03 0.02 0.07 0.00 0.00 0.01 0.00 0.00 0.05 0.17 0.04 1.04 0.19 0.00 0.44 0.00 0.38 0.03 0.01 3.38 1.60 0.02 0.24 1.70 
0.02 0.00 0.00 0.00 0.01 0.00 0.00 0.00 0.02 0.00 0.00 0.02 0.00 0.00 0.00 0.02 0.04 0.00 0.02 0.03 0.00 0.00 0.00 0.09 0.03 0.03 0.00 0.01 0.48 0.00 0.01 0.03 0.01 0.00 0.00 0.00 0.01 0.00 0.01 0.00 0.02 0.00 0.05 0.02 0.00 0.01 0.01 0.00 0.00 0.03 0.05 0.02 1.41 0.03 3.88 0.00 0.01 0.00 0.00 0.00 0.02 0.07 0.01 6.06 0.00 0.00 0.00 0.01 0.00 0.00 0.02 0.04 0.34 0.02 0.00 0.00 0.02 0.03 0.03 0.01 0.00 0.00 0.00 2.02 0.11 0.01 0.00 0.09 0.06 0.03 0.10 0.38 0.00 0.19 0.00 0.00 0.00 0.00 0.01 0.00 
0.04 0.15 0.00 0.00 0.00 0.00 0.00 0.00 0.00 0.00 0.00 0.01 0.01 0.01 0.05 0.17 0.12 0.00 0.06 0.01 0.27 0.01 0.02 0.16 0.03 0.00 0.03 0.11 0.01 0.00 0.03 0.65 0.00 0.00 0.00 0.02 0.00 0.09 0.10 0.00 0.45 0.02 0.48 0.04 0.00 0.00 0.00 1.14 0.00 0.02 0.00 0.01 0.00 0.00 0.00 2.67 0.00 0.27 0.01 0.00 0.00 0.11 0.03 0.00 0.01 0.23 0.46 0.00 6.16 0.01 0.02 0.01 0.00 0.01 0.00 0.00 0.04 0.02 0.01 0.06 0.00 0.01 1.29 0.00 0.07 0.07 0.00 0.01 0.01 0.00 0.00 0.03 0.19 0.00 0.12 0.00 0.00 0.00 0.02 0.01 
0.02 0.00 0.00 0.00 0.00 0.00 0.16 0.00 0.00 0.01 0.00 6.57 0.01 0.01 0.01 0.00 0.00 0.00 0.03 0.00 0.00 0.06 0.00 0.01 0.21 0.00 0.01 0.00 0.04 0.00 0.02 0.03 0.01 0.00 0.00 0.00 0.00 0.00 0.02 0.00 0.00 0.01 0.00 0.00 0.00 0.00 0.00 0.00 0.01 0.00 0.00 2.25 0.03 0.01 0.01 0.01 0.00 0.01 0.00 0.00 0.02 0.00 0.00 0.00 0.00 0.01 0.00 0.57 0.00 0.04 0.09 0.00 0.01 0.00 0.07 4.00 1.38 0.00 0.00 0.02 0.01 0.00 0.02 0.00 0.12 0.04 0.01 0.05 0.00 0.01 0.01 0.01 0.00 0.12 0.00 0.00 0.01 0.02 0.00 0.06 
0.00 0.00 0.00 0.00 0.00 0.02 0.00 0.03 1.06 0.01 0.00 0.00 0.01 0.00 0.00 0.00 0.00 0.00 6.39 0.00 0.00 0.00 0.04 0.00 0.00 0.00 0.00 0.00 0.00 0.12 0.00 0.00 0.00 0.01 0.06 0.00 0.00 0.00 0.01 0.04 0.00 0.00 0.00 0.00 0.00 0.00 0.00 0.00 0.00 0.00 0.00 0.01 0.01 0.00 0.00 0.00 2.82 0.00 0.00 0.00 1.49 0.01 0.00 0.01 0.00 0.00 0.00 0.02 0.00 0.00 0.00 0.00 0.00 0.00 0.00 0.00 0.00 0.00 0.01 0.00 0.00 0.00 0.00 0.00 0.00 0.00 0.01 0.00 0.00 0.00 0.03 3.38 0.00 0.00 0.00 0.00 0.00 0.01 0.00 6.72 
0.02 0.00 6.67 0.00 0.00 0.00 2.74 0.03 0.01 0.00 0.00 0.02 0.00 0.00 0.00 0.03 0.00 0.00 0.01 0.00 0.01 0.00 0.00 0.00 0.27 0.01 0.00 0.15 0.23 1.05 0.00 0.08 0.01 2.28 0.00 0.00 0.05 0.00 0.00 0.03 0.00 0.00 0.00 0.00 0.00 0.00 0.00 0.01 0.00 0.03 0.00 0.00 0.00 0.00 0.00 0.00 0.00 0.00 0.00 0.00 0.01 0.00 0.02 0.00 0.00 0.00 0.00 0.19 0.00 0.00 0.03 0.03 0.13 0.00 0.00 0.00 0.00 0.00 0.00 0.00 0.00 0.01 0.00 0.00 0.00 0.02 0.00 0.00 0.00 0.00 0.01 1.60 0.00 0.00 0.01 0.00 0.00 0.23 0.00 17.22 
0.02 0.12 0.01 0.00 0.01 0.02 0.02 0.00 0.01 0.00 0.04 0.00 0.20 0.00 0.00 0.01 0.07 3.53 0.47 0.01 0.02 0.02 0.00 0.10 0.21 0.00 0.03 0.00 0.05 0.01 0.00 0.01 0.04 0.00 0.00 0.02 0.00 0.01 0.00 0.02 0.00 0.00 0.02 0.00 0.00 0.01 0.00 0.00 0.02 0.01 0.01 0.00 0.00 0.02 0.00 0.02 3.41 0.22 0.00 0.00 0.08 0.05 0.06 0.01 0.02 0.10 0.00 0.03 0.02 0.23 2.66 0.00 0.00 0.02 0.01 0.01 0.05 0.03 0.02 0.03 0.00 0.01 0.00 0.01 0.10 0.11 0.03 0.00 0.02 0.00 3.37 0.02 0.00 0.00 0.02 0.01 0.23 0.00 0.00 7.06 
0.00 0.00 0.00 0.00 0.01 0.00 0.01 0.00 0.00 0.00 0.00 0.00 0.00 0.00 0.02 0.07 0.00 0.00 0.00 0.00 0.00 0.00 0.00 0.00 0.00 0.00 0.00 0.01 0.00 0.00 0.00 0.47 0.00 0.00 0.00 6.48 0.00 0.59 0.00 0.00 0.00 0.00 0.01 0.00 0.08 0.00 0.00 0.00 0.00 0.00 0.00 0.00 0.00 0.00 0.00 0.02 0.00 0.00 0.00 0.00 0.00 0.00 0.00 0.00 0.00 0.00 0.00 0.00 0.00 0.00 0.00 0.02 0.00 0.00 0.00 0.00 0.03 0.00 6.30 0.00 0.67 0.00 0.00 0.02 0.00 0.90 0.00 0.00 0.00 0.00 0.00 0.24 0.01 0.02 0.00 0.00 0.00 0.00 0.00 53.95 
0.00 31.70 0.00 0.84 0.07 0.00 0.01 0.00 0.00 0.48 0.00 13.02 12.52 0.00 5.87 0.01 36.51 4.98 0.01 0.00 0.00 0.00 47.21 0.00 0.00 3.59 2.49 4.28 0.00 0.00 50.02 22.83 0.00 0.00 20.98 0.00 0.00 0.00 78.84 0.00 0.00 0.00 0.31 66.69 29.17 39.28 32.86 11.34 25.03 0.00 14.41 0.00 0.00 0.00 6.86 8.39 52.80 0.00 0.00 0.01 41.92 47.42 0.00 45.84 0.00 1.50 23.72 0.02 48.87 20.77 0.00 0.00 0.01 0.00 0.00 45.41 0.00 15.04 3.32 57.99 0.00 0.00 19.95 0.00 93.32 0.00 0.00 0.00 26.53 0.00 0.24 1.70 0.00 0.00 0.03 6.72 17.22 7.06 53.95 0.00 
